0
0.002004008
0.0040080161
0.0060120239
0.0080160322
0.01002004
0.012024048
0.014028057
0.016032064
0.018036073
0.02004008
0.022044089
0.024048096
0.026052104
0.028056113
0.03006012
0.032064129
0.034068137
0.036072146
0.038076151
0.04008016
0.042084169
0.044088177
0.046092186
0.048096191
0.0501002
0.052104209
0.054108217
0.056112226
0.058116231
0.06012024
0.062124249
0.064128257
0.066132262
0.068136275
0.07014028
0.072144292
0.074148297
0.076152302
0.078156315
0.08016032
0.082164332
0.084168337
0.086172342
0.088176355
0.09018036
0.092184372
0.094188377
0.096192382
0.098196395
0.1002004
0.10220441
0.10420842
0.10621242
0.10821643
0.11022044
0.11222445
0.11422846
0.11623246
0.11823647
0.12024048
0.12224449
0.1242485
0.1262525
0.12825651
0.13026053
0.13226452
0.13426854
0.13627255
0.13827655
0.14028056
0.14228457
0.14428858
0.14629258
0.14829659
0.15030061
0.1523046
0.15430862
0.15631263
0.15831663
0.16032064
0.16232465
0.16432866
0.16633266
0.16833667
0.17034069
0.17234468
0.1743487
0.17635271
0.17835671
0.18036072
0.18236473
0.18436874
0.18637274
0.18837675
0.19038077
0.19238476
0.19438878
0.19639279
0.19839679
0.2004008
0.20240481
0.20440882
0.20641282
0.20841683
0.21042085
0.21242484
0.21442886
0.21643287
0.21843687
0.22044088
0.22244489
0.2244489
0.2264529
0.22845691
0.23046093
0.23246492
0.23446894
0.23647295
0.23847695
0.24048096
0.24248497
0.24448898
0.24649298
0.24849699
0.25050101
0.252505
0.25450903
0.25651303
0.25851703
0.26052105
0.26252505
0.26452905
0.26653308
0.26853707
0.27054107
0.2725451
0.2745491
0.27655309
0.27855712
0.28056112
0.28256512
0.28456914
0.28657314
0.28857717
0.29058117
0.29258516
0.29458919
0.29659319
0.29859719
0.30060121
0.30260521
0.30460921
0.30661324
0.30861723
0.31062123
0.31262526
0.31462926
0.31663325
0.31863728
0.32064128
0.32264528
0.3246493
0.3266533
0.32865733
0.33066133
0.33266532
0.33466935
0.33667335
0.33867735
0.34068137
0.34268537
0.34468937
0.3466934
0.34869739
0.35070139
0.35270542
0.35470942
0.35671341
0.35871744
0.36072144
0.36272544
0.36472946
0.36673346
0.36873749
0.37074149
0.37274548
0.37474951
0.37675351
0.37875751
0.38076153
0.38276553
0.38476953
0.38677356
0.38877755
0.39078155
0.39278558
0.39478958
0.39679357
0.3987976
0.4008016
0.4028056
0.40480962
0.40681362
0.40881765
0.41082165
0.41282564
0.41482967
0.41683367
0.41883767
0.42084169
0.42284569
0.42484969
0.42685372
0.42885771
0.43086171
0.43286574
0.43486974
0.43687373
0.43887776
0.44088176
0.44288579
0.44488978
0.44689378
0.44889781
0.45090181
0.4529058
0.45490983
0.45691383
0.45891783
0.46092185
0.46292585
0.46492985
0.46693388
0.46893787
0.47094187
0.4729459
0.4749499
0.47695389
0.47895792
0.48096192
0.48296595
0.48496994
0.48697394
0.48897797
0.49098197
0.49298596
0.49498999
0.49699399
0.49899799
0.50100201
0.50300604
0.50501001
0.50701404
0.50901806
0.51102203
0.51302606
0.51503009
0.51703405
0.51903808
0.52104211
0.52304608
0.5250501
0.52705413
0.5290581
0.53106213
0.53306615
0.53507012
0.53707415
0.53907818
0.54108214
0.54308617
0.5450902
0.54709417
0.54909819
0.55110222
0.55310619
0.55511022
0.55711424
0.55911821
0.56112224
0.56312627
0.56513023
0.56713426
0.56913829
0.57114226
0.57314628
0.57515031
0.57715434
0.57915831
0.58116233
0.58316636
0.58517033
0.58717436
0.58917838
0.59118235
0.59318638
0.59519041
0.59719437
0.5991984
0.60120243
0.6032064
0.60521042
0.60721445
0.60921842
0.61122245
0.61322647
0.61523044
0.61723447
0.6192385
0.62124246
0.62324649
0.62525052
0.62725449
0.62925851
0.63126254
0.63326651
0.63527054
0.63727456
0.63927853
0.64128256
0.64328659
0.64529055
0.64729458
0.64929861
0.65130258
0.6533066
0.65531063
0.65731466
0.65931863
0.66132265
0.66332668
0.66533065
0.66733468
0.6693387
0.67134267
0.6733467
0.67535073
0.67735469
0.67935872
0.68136275
0.68336672
0.68537074
0.68737477
0.68937874
0.69138277
0.69338679
0.69539076
0.69739479
0.69939882
0.70140278
0.70340681
0.70541084
0.70741481
0.70941883
0.71142286
0.71342683
0.71543086
0.71743488
0.71943885
0.72144288
0.72344691
0.72545087
0.7274549
0.72945893
0.73146296
0.73346692
0.73547095
0.73747498
0.73947895
0.74148297
0.743487
0.74549097
0.747495
0.74949902
0.75150299
0.75350702
0.75551105
0.75751501
0.75951904
0.76152307
0.76352704
0.76553106
0.76753509
0.76953906
0.77154309
0.77354711
0.77555108
0.77755511
0.77955914
0.7815631
0.78356713
0.78557116
0.78757513
0.78957915
0.79158318
0.79358715
0.79559118
0.7975952
0.79959917
0.8016032
0.80360723
0.80561119
0.80761522
0.80961925
0.81162328
0.81362724
0.81563127
0.8176353
0.81963927
0.82164329
0.82364732
0.82565129
0.82765532
0.82965934
0.83166331
0.83366734
0.83567137
0.83767533
0.83967936
0.84168339
0.84368736
0.84569138
0.84769541
0.84969938
0.85170341
0.85370743
0.8557114
0.85771543
0.85971946
0.86172342
0.86372745
0.86573148
0.86773545
0.86973947
0.8717435
0.87374747
0.8757515
0.87775552
0.87975949
0.88176352
0.88376755
0.88577157
0.88777554
0.88977957
0.8917836
0.89378756
0.89579159
0.89779562
0.89979959
0.90180361
0.90380764
0.90581161
0.90781564
0.90981966
0.91182363
0.91382766
0.91583169
0.91783565
0.91983968
0.92184371
0.92384768
0.9258517
0.92785573
0.9298597
0.93186373
0.93386775
0.93587172
0.93787575
0.93987978
0.94188374
0.94388777
0.9458918
0.94789577
0.94989979
0.95190382
0.95390779
0.95591182
0.95791584
0.95991981
0.96192384
0.96392787
0.96593189
0.96793586
0.96993989
0.97194391
0.97394788
0.97595191
0.97795594
0.97995991
0.98196393
0.98396796
0.98597193
0.98797596
0.98997998
0.99198395
0.99398798
0.995992
0.99799597
1
