-0.60000002
-0.59759521
-0.59519041
-0.5927856
-0.59038079
-0.58797598
-0.58557117
-0.58316636
-0.58076155
-0.57835674
-0.57595187
-0.57354707
-0.57114226
-0.56873745
-0.56633264
-0.56392783
-0.56152302
-0.55911821
-0.5567134
-0.55430859
-0.55190378
-0.54949898
-0.54709417
-0.54468936
-0.54228455
-0.53987974
-0.53747493
-0.53507012
-0.53266531
-0.5302605
-0.52785569
-0.52545089
-0.52304608
-0.52064127
-0.51823646
-0.51583165
-0.51342684
-0.51102203
-0.50861722
-0.50621241
-0.5038076
-0.5014028
-0.49899799
-0.49659318
-0.49418837
-0.49178356
-0.48937875
-0.48697394
-0.48456913
-0.48216432
-0.47975951
-0.47735471
-0.4749499
-0.47254509
-0.47014028
-0.46773547
-0.46533066
-0.46292585
-0.46052104
-0.45811623
-0.45571142
-0.45330662
-0.45090181
-0.448497
-0.44609219
-0.44368738
-0.44128257
-0.43887776
-0.43647295
-0.43406814
-0.43166333
-0.42925853
-0.42685372
-0.42444891
-0.4220441
-0.41963929
-0.41723448
-0.41482967
-0.41242486
-0.41002005
-0.40761524
-0.40521044
-0.4028056
-0.40040079
-0.39799598
-0.39559117
-0.39318636
-0.39078155
-0.38837674
-0.38597193
-0.38356712
-0.38116232
-0.37875751
-0.3763527
-0.37394789
-0.37154308
-0.36913827
-0.36673346
-0.36432865
-0.36192384
-0.35951903
-0.35711423
-0.35470942
-0.35230461
-0.3498998
-0.34749499
-0.34509018
-0.34268537
-0.34028056
-0.33787575
-0.33547094
-0.33306614
-0.33066133
-0.32825652
-0.32585171
-0.3234469
-0.32104209
-0.31863728
-0.31623247
-0.31382766
-0.31142285
-0.30901805
-0.30661324
-0.30420843
-0.30180362
-0.29939881
-0.296994
-0.29458919
-0.29218438
-0.28977957
-0.28737473
-0.28496993
-0.28256512
-0.28016031
-0.2777555
-0.27535069
-0.27294588
-0.27054107
-0.26813626
-0.26573145
-0.26332664
-0.26092184
-0.25851703
-0.25611222
-0.25370741
-0.2513026
-0.24889779
-0.24649298
-0.24408817
-0.24168336
-0.23927855
-0.23687375
-0.23446894
-0.23206413
-0.22965932
-0.22725451
-0.2248497
-0.22244489
-0.22004008
-0.21763527
-0.21523046
-0.21282566
-0.21042085
-0.20801604
-0.20561123
-0.20320642
-0.2008016
-0.19839679
-0.19599198
-0.19358717
-0.19118236
-0.18877755
-0.18637274
-0.18396793
-0.18156312
-0.17915832
-0.17675351
-0.1743487
-0.17194389
-0.16953908
-0.16713427
-0.16472946
-0.16232465
-0.15991984
-0.15751503
-0.15511023
-0.15270542
-0.15030061
-0.1478958
-0.14549099
-0.14308617
-0.14068136
-0.13827655
-0.13587174
-0.13346693
-0.13106212
-0.12865731
-0.1262525
-0.12384769
-0.12144288
-0.11903808
-0.11663327
-0.11422846
-0.11182365
-0.10941884
-0.10701403
-0.10460922
-0.10220441
-0.099799596
-0.097394787
-0.094989978
-0.092585169
-0.09018036
-0.087775551
-0.085370742
-0.082965933
-0.080561124
-0.078156315
-0.075751506
-0.073346697
-0.07094188
-0.068537071
-0.066132262
-0.063727453
-0.061322644
-0.058917835
-0.056513026
-0.054108217
-0.051703408
-0.049298596
-0.046893787
-0.044488978
-0.042084169
-0.03967936
-0.037274551
-0.034869738
-0.032464929
-0.03006012
-0.027655311
-0.025250502
-0.022845691
-0.020440882
-0.018036073
-0.015631262
-0.013226453
-0.010821643
-0.0084168334
-0.0060120239
-0.0036072144
-0.0012024048
0.0012024048
0.0036072144
0.0060120239
0.0084168334
0.010821643
0.013226453
0.015631262
0.018036073
0.020440882
0.022845691
0.025250502
0.027655311
0.03006012
0.032464929
0.034869738
0.037274551
0.03967936
0.042084169
0.044488978
0.046893787
0.049298596
0.051703408
0.054108217
0.056513026
0.058917835
0.061322644
0.063727453
0.066132262
0.068537071
0.07094188
0.073346697
0.075751506
0.078156315
0.080561124
0.082965933
0.085370742
0.087775551
0.09018036
0.092585169
0.094989978
0.097394787
0.099799596
0.10220441
0.10460922
0.10701403
0.10941884
0.11182365
0.11422846
0.11663327
0.11903808
0.12144288
0.12384769
0.1262525
0.12865731
0.13106212
0.13346693
0.13587174
0.13827655
0.14068136
0.14308617
0.14549099
0.1478958
0.15030061
0.15270542
0.15511023
0.15751503
0.15991984
0.16232465
0.16472946
0.16713427
0.16953908
0.17194389
0.1743487
0.17675351
0.17915832
0.18156312
0.18396793
0.18637274
0.18877755
0.19118236
0.19358717
0.19599198
0.19839679
0.2008016
0.20320642
0.20561123
0.20801604
0.21042085
0.21282566
0.21523046
0.21763527
0.22004008
0.22244489
0.2248497
0.22725451
0.22965932
0.23206413
0.23446894
0.23687375
0.23927855
0.24168336
0.24408817
0.24649298
0.24889779
0.2513026
0.25370741
0.25611222
0.25851703
0.26092184
0.26332664
0.26573145
0.26813626
0.27054107
0.27294588
0.27535069
0.2777555
0.28016031
0.28256512
0.28496993
0.28737473
0.28977957
0.29218438
0.29458919
0.296994
0.29939881
0.30180362
0.30420843
0.30661324
0.30901805
0.31142285
0.31382766
0.31623247
0.31863728
0.32104209
0.3234469
0.32585171
0.32825652
0.33066133
0.33306614
0.33547094
0.33787575
0.34028056
0.34268537
0.34509018
0.34749499
0.3498998
0.35230461
0.35470942
0.35711423
0.35951903
0.36192384
0.36432865
0.36673346
0.36913827
0.37154308
0.37394789
0.3763527
0.37875751
0.38116232
0.38356712
0.38597193
0.38837674
0.39078155
0.39318636
0.39559117
0.39799598
0.40040079
0.4028056
0.40521044
0.40761524
0.41002005
0.41242486
0.41482967
0.41723448
0.41963929
0.4220441
0.42444891
0.42685372
0.42925853
0.43166333
0.43406814
0.43647295
0.43887776
0.44128257
0.44368738
0.44609219
0.448497
0.45090181
0.45330662
0.45571142
0.45811623
0.46052104
0.46292585
0.46533066
0.46773547
0.47014028
0.47254509
0.4749499
0.47735471
0.47975951
0.48216432
0.48456913
0.48697394
0.48937875
0.49178356
0.49418837
0.49659318
0.49899799
0.5014028
0.5038076
0.50621241
0.50861722
0.51102203
0.51342684
0.51583165
0.51823646
0.52064127
0.52304608
0.52545089
0.52785569
0.5302605
0.53266531
0.53507012
0.53747493
0.53987974
0.54228455
0.54468936
0.54709417
0.54949898
0.55190378
0.55430859
0.5567134
0.55911821
0.56152302
0.56392783
0.56633264
0.56873745
0.57114226
0.57354707
0.57595187
0.57835674
0.58076155
0.58316636
0.58557117
0.58797598
0.59038079
0.5927856
0.59519041
0.59759521
0.60000002
